0.05368721
-0.05706846
0.03793163
-0.03893541
-0.05865777
0.04400448
0.04626298
0.04575180
0.04230921
-0.04381116
-0.05151609
-0.04656969
0.04681320
0.04561611
-0.05694577
-0.03797252
0.03950607
0.04404166
0.04937283
0.03845025
-0.05196406
0.04375912
0.03474371
-0.04379257
-0.04284456
-0.04159542
-0.05591783
0.03575306
-0.04810510
-0.04037787
-0.04591352
0.05073909
0.04699351
0.04998625
0.04559008
0.04254900
-0.03958043
-0.04985055
-0.04747495
-0.03211158
-0.04702139
0.04097456
0.03963805
0.04581500
-0.05725434
0.03459686
0.04297282
-0.04624997
-0.02659824
0.03670479
-0.04516998
0.04920553
0.04809766
-0.03434963
0.04060837
-0.04461790
-0.04857539
-0.03462102
-0.04614959
0.04886909
-0.04797870
0.05618737
-0.04090021
0.03775690
0.04509563
-0.04380373
-0.03905251
0.04129614
-0.04413088
-0.03736654
-0.05090080
-0.04752700
-0.05022790
0.04715523
0.06185499
-0.05259236
-0.03859338
-0.04974646
-0.03875510
-0.04623138
0.04908285
0.03555788
-0.03908783
0.05788821
0.04746194
-0.05515199
0.04600274
-0.05159229
-0.02869874
-0.04064183
0.03641853
-0.04653995
0.05022976
0.04289475
-0.04497480
0.04258246
0.04879659
-0.05043609
-0.04376097
0.03706541
0.03191268
0.03713232
-0.05070191
0.05366305
0.03891682
0.02313707
-0.04218281
0.03655422
0.04327953
0.03871420
-0.05961322
-0.04480007
0.04979107
0.02565952
-0.04052472
0.05369837
0.04151177
0.04106379
0.04336690
0.05496239
-0.03958600
-0.04185194
0.04973903
0.04511607
-0.04486885
-0.04244119
-0.03009287
-0.03760819
0.05728222
-0.05454414
0.04847315
-0.03774946
0.04253599
0.03795394
0.04940629
-0.04090021
-0.04766269
0.04014552
0.04540234
-0.03813982
0.04031467
-0.03094608
-0.03045721
-0.03881644
0.03462660
-0.04214749
-0.03766024
0.03754499
-0.00315632
-0.03938525
0.03988900
-0.04362528
-0.04663289
-0.03706726
-0.05439358
-0.04432049
0.04409556
0.04410858
0.05723761
-0.04241145
0.04069388
0.03426970
-0.03924955
-0.05426718
-0.04719984
0.03779965
-0.03270827
-0.06481799
0.04171996
0.03148887
0.04400448
-0.03736096
0.03669178
0.04383904
-0.04570533
0.04772961
0.03716950
-0.04005443
-0.04959218
-0.02564465
0.04108052
-0.04032025
0.05111086
-0.05133206
0.05749785
-0.04957173
-0.04210660
-0.04217910
0.03995777
0.04195603
0.04174227
-0.04086675
-0.04260663
-0.04585589
0.06510983
-0.04896017
0.05330987
0.03474371
0.04750655
-0.04969627
-0.05334891
0.05612602
0.04748239
0.03947261
-0.05015355
-0.03144426
-0.04496179
0.03924397
-0.03288486
0.03142567
0.03821046
-0.03812681
-0.03364513
0.04583359
0.04045966
0.03791676
0.03268968
-0.04855308
0.04033698
0.04295981
-0.05311283
0.04650835
0.03840749
0.03764908
-0.04102289
0.04592281
0.04677974
-0.03744833
0.03985368
-0.05562228
-0.05288605
0.04277764
-0.02550524
0.04735227
-0.03779593
0.04001912
-0.04991747
0.04248952
-0.03923654
-0.05191574
0.03991874
-0.03984624
0.05048256
0.04135563
0.04455098
0.05658330
0.05259979
-0.03158924
-0.03158924
0.03655237
0.03492030
-0.03724943
-0.02705923
-0.03937781
0.03789631
-0.05050859
-0.03840936
-0.03874766
-0.04390039
0.02775258
-0.04983569
0.03021556
-0.03259302
0.06049245
0.03686279
-0.04128127
0.04480565
0.03584972
0.02923594
-0.03832385
-0.04802331
0.05101791
0.04518299
0.05423929
-0.03660069
0.04245421
-0.04894530
-0.03894842
0.03013934
0.04541535
-0.05107740
0.05658144
0.03505599
0.04318101
0.05250127
-0.05516314
0.03299639
-0.05644017
-0.03794092
-0.06136240
0.03839263
-0.04776865
0.05030783
0.04251555
0.03555788
-0.05086363
0.03540360
0.04044479
0.03806547
-0.04206756
0.04734483
-0.04229992
0.04117160
0.03704682
0.04671282
0.04848244
0.05141570
-0.04181104
0.04594884
-0.04117532
0.05050673
0.04397846
0.03467865
-0.04315127
0.04263823
-0.04689871
0.04505473
0.04282597
-0.04623881
-0.03313580
0.04754001
0.04234639
-0.04083515
-0.05467426
0.03371762
0.05143615
-0.03915103
0.04771846
0.03500766
0.03056502
-0.03944101
-0.04294122
0.04674070
-0.04655854
-0.03540731
-0.04451752
-0.04180361
-0.04714779
0.05808711
0.05776181
-0.04109911
0.04621465
0.04811439
-0.06654486
0.03263949
0.05874514
0.03222311
0.05066101
0.03644641
-0.04106379
0.04722215
0.05275965
0.04765526
-0.04742662
-0.04084630
-0.03972727
-0.05199195
-0.03999681
0.06705233
0.04864974
-0.04334459
0.05458876
-0.05518730
-0.04425728
0.05251800
-0.03404850
0.00420657
-0.04177573
-0.04337247
0.04009533
0.04036858
0.05097702
0.03457827
0.04932822
0.03039029
0.03728289
0.04088720
0.03612112
0.04487814
0.04700652
-0.03786099
-0.04851032
-0.03656352
-0.05596430
-0.03531437
-0.04459002
0.04235940
-0.04013250
0.02961143
-0.04529638
0.03241829
-0.04896389
0.03094237
-0.05038962
-0.04226646
-0.03276218
0.03623450
-0.04269028
0.02522641
0.03966965
-0.05212764
0.04597300
0.04108610
0.04868506
0.04437440
0.05341582
0.03247220
-0.03889265
0.05349018
0.03176397
-0.04464393
-0.04729092
0.02738267
-0.04490602
0.04377770
-0.04967396
-0.04640983
0.02813365
0.04788018
0.04267541
-0.04364201
0.05253287
0.04527222
-0.03690555
0.04340779
-0.04975018
0.04034070
0.04116045
-0.05064614
-0.04677602
-0.04508075
-0.03725129
-0.03879599
-0.04529638
-0.05575611
-0.05068518
-0.04484096
-0.04150248
0.03625123
-0.04140396
0.03881644
-0.03950607
0.06044041
0.04425171
0.04470341
0.03411727
-0.05263139
-0.04514581
-0.05214251
0.05272434
-0.04445990
0.03831269
0.04948065
0.05269273
-0.02967649
-0.04593397
0.04402679
-0.03176397
-0.05328199
-0.02597553
0.03840378
0.05527839
-0.04133890
0.04644143
-0.01249889
-0.05105137
-0.03447975
0.04598601
-0.05152909
0.03194800
-0.04740060
-0.03781080
0.04572020
-0.04947693
-0.05084132
-0.03745763
0.03804502
0.04904382
0.05045654
-0.04655296
0.05396418
0.04015853
0.05203656
0.03307632
-0.03538873
0.06422874
0.03447603
-0.03995591
0.04177944
0.04159727
0.03624194
0.02233033
0.04284085
-0.05272619
0.04635593
-0.04701581
0.03758960
0.05354037
-0.03980349
-0.05836779
-0.05106810
0.04005257
-0.05680450
-0.04548970
-0.04619978
-0.05419282
-0.04664776
-0.04743405
0.05418910
0.02974527
-0.03659884
0.05132090
