0.05952778
-0.05755496
0.02953134
-0.03224183
-0.05773794
0.03877407
0.04534823
0.04427891
0.04934344
-0.04241664
-0.04361177
-0.05110468
0.04830651
0.04146168
-0.05780275
-0.04440090
0.04088794
0.04603825
0.04578473
0.03356467
-0.05289833
0.04880592
0.03099142
-0.05415827
-0.04346118
-0.04984284
-0.05809439
0.03817173
-0.04441424
-0.04797676
-0.05033080
0.04831033
0.04625935
0.05652757
0.04444093
0.04073164
-0.04496130
-0.05350447
-0.04466204
-0.03550318
-0.05067199
0.04673016
0.04559793
0.04508900
-0.04707707
0.03600449
0.04600013
-0.04874111
-0.03564614
0.03517343
-0.04891075
0.04669776
0.04150552
-0.03529351
0.04028561
-0.04857337
-0.04783952
-0.03624656
-0.04180668
0.04101565
-0.04635085
0.05119427
-0.03929253
0.04513856
0.05192812
-0.04520528
-0.03635331
0.04072592
-0.04294273
-0.03454250
-0.04964651
-0.04689409
-0.04427319
0.04909946
0.06190279
-0.04724672
-0.05014019
-0.04725434
-0.03804403
-0.04888025
0.05060909
0.04167898
-0.03893608
0.05986706
0.04407114
-0.04117576
0.05905506
-0.04839038
-0.03310721
-0.03059305
0.03333594
-0.03890559
0.04377569
0.04742780
-0.04827602
0.04171710
0.04548738
-0.04771372
-0.04709995
0.04590291
0.03276029
0.03225517
-0.04743924
0.05080924
0.03539263
0.02720970
-0.03885793
0.03997301
0.04253672
0.04053150
-0.05653518
-0.03871688
0.04592007
0.02397694
-0.04268731
0.05527525
0.04142356
0.04544163
0.04429416
0.05077492
-0.04962935
-0.03414222
0.03854533
0.04120054
-0.04255578
-0.04077357
-0.03466830
-0.03547269
0.05838793
-0.04921573
0.04799201
-0.03949839
0.03853390
0.02868122
0.04616405
-0.03913813
-0.04481071
0.04232896
0.03692133
-0.04386719
0.03961084
-0.03406407
-0.03597208
-0.04327058
0.03440526
-0.03590728
-0.04167707
0.03751222
-0.00460897
-0.03942024
0.03877978
-0.05050426
-0.04500323
-0.04148265
-0.05259336
-0.04662152
0.04865724
0.03812027
0.05544489
-0.04557316
0.03732352
0.04486027
-0.03660301
-0.05335961
-0.05092742
0.03525539
-0.03152132
-0.06204575
0.04621170
0.03283082
0.04182003
-0.03473502
0.03950601
0.04421028
-0.03959179
0.04636419
0.03719962
-0.04348978
-0.04796341
-0.02513395
0.03556990
-0.03708335
0.05371033
-0.04824552
0.04835798
-0.04523387
-0.04210975
-0.04015790
0.03967184
0.03678409
0.04639088
-0.03666210
-0.04011406
-0.04326486
0.05946106
-0.05136391
0.05285068
0.04210975
0.04842851
-0.05208061
-0.04119101
0.05486162
0.04733249
0.04438565
-0.04512331
-0.02757949
-0.04918142
0.03882934
-0.03582531
0.03515055
0.03402595
-0.03703188
-0.03611885
0.05055001
0.04780712
0.04236136
0.03062736
-0.04754217
0.04565512
0.04410354
-0.04858862
0.05276872
0.03759228
0.04238233
-0.03869782
0.04119482
0.04339829
-0.04189818
0.03529351
-0.05461764
-0.04351075
0.04510616
-0.03607501
0.04649190
-0.04511569
0.03881600
-0.04829698
0.04748689
-0.03847481
-0.04654336
0.03511815
-0.04069352
0.05193384
0.04716476
0.03835091
0.05194337
0.05572699
-0.02888708
-0.03208934
0.03629040
0.03221896
-0.03894943
-0.03041959
-0.03895514
0.03983958
-0.04739921
-0.04653002
-0.04568752
-0.04470016
0.03754463
-0.04148646
0.02821803
-0.04462201
0.06172743
0.03820414
-0.04211357
0.04559984
0.04374329
0.02652922
-0.03489323
-0.04841707
0.04791004
0.04239186
0.05348732
-0.03508765
0.04600775
-0.05473201
-0.04408639
0.02794737
0.04803013
-0.05589473
0.05708987
0.03331878
0.04721431
0.05213970
-0.05403437
0.03715387
-0.04924051
-0.04030848
-0.05418496
0.04269303
-0.04684834
0.05605104
0.04837513
0.03591300
-0.04576186
0.02730501
0.03583103
0.03760371
-0.03995967
0.04634703
-0.05374465
0.05042039
0.03536022
0.05018975
0.05517995
0.05189953
-0.04249289
0.04875255
-0.04310093
0.03843287
0.04555409
0.03590918
-0.03832994
0.04752120
-0.04003591
0.04245857
0.04771943
-0.04975325
-0.03576241
0.04752882
0.04839801
-0.04230227
-0.05022787
0.04000541
0.05377133
-0.04422363
0.04031039
0.03638190
0.03861776
-0.04999914
-0.04453051
0.04614880
-0.04911280
-0.03973665
-0.04679878
-0.03834519
-0.04393009
0.05960783
0.05249042
-0.03877025
0.03914766
0.04186768
-0.06103932
0.02957328
0.06141292
0.04070686
0.05439272
0.04183528
-0.04094703
0.04930151
0.06001002
0.05601672
-0.05102463
-0.03981861
-0.04100231
-0.04663295
-0.04304375
0.06073625
0.03946408
-0.04616977
0.04275021
-0.05625308
-0.05240274
0.05165745
-0.04008928
0.00561921
-0.04322292
-0.05080352
0.04654336
0.03867876
0.05098841
0.03435189
0.05304319
0.03729874
0.04387482
0.04179525
0.04119673
0.03592062
0.03477505
-0.04352218
-0.04686169
-0.03997301
-0.05023931
-0.03670975
-0.04082885
0.04053340
-0.03977859
0.03383724
-0.04999723
0.03292803
-0.05098079
0.03684127
-0.04507376
-0.04665011
-0.03467402
0.03753319
-0.03755797
0.03056636
0.03796397
-0.05040514
0.04727150
0.04701799
0.04556934
0.03974427
0.04634323
0.03580054
-0.04303422
0.04129585
0.03083703
-0.04872395
-0.04668061
0.03362186
-0.04677019
0.04252148
-0.05133342
-0.03608264
0.03675549
0.04231752
0.04069924
-0.04230608
0.04736681
0.04501276
-0.04628795
0.04207925
-0.04288173
0.04456673
0.04240520
-0.04970941
-0.05789043
-0.04628223
-0.04356221
-0.03896086
-0.03690608
-0.05209776
-0.05009063
-0.04101184
-0.04604015
0.02893092
-0.04393581
0.04057343
-0.04702942
0.05465004
0.03537738
0.04019031
0.04272733
-0.05142110
-0.04095465
-0.04336397
0.05581468
-0.04161036
0.04834463
0.04128632
0.05409918
-0.03367904
-0.04745830
0.04422363
-0.02903576
-0.04683881
-0.03171002
0.03707954
0.04918332
-0.04733059
0.04702371
-0.00337762
-0.04784524
-0.03276982
0.04357746
-0.05104559
0.03617604
-0.04001304
-0.03913813
0.04550072
-0.03875691
-0.05035368
-0.03976905
0.03710622
0.04092225
0.05381136
-0.05267913
0.05120380
0.03864064
0.04489458
0.03721106
-0.03217512
0.06345627
0.03621607
-0.04172091
0.03611695
0.03493135
0.03646958
0.02058026
0.03915719
-0.05463289
0.04851810
-0.04841707
0.03765709
0.05655044
-0.05113137
-0.05550398
-0.05149734
0.03435189
-0.04830271
-0.04547023
-0.05010016
-0.04815593
-0.05630264
-0.04885738
0.04512903
0.03014511
-0.03110007
0.05619209